extract.id,document.id,document.year
1,1,1951
2,1,1951
3,1,1951
4,2,1961
5,2,1961
6,3,1970
7,4,1981
8,5,1974
10,5,1974
13,6,1929
14,6,1929
15,6,1929
16,6,1929
17,7,1968
18,8,1977
19,8,1977
20,9,1986
21,9,1986
23,9,1986
24,9,1986
25,10,1993
26,10,1993
27,11,1937
28,12,1892
29,14,1989
30,20,1923
31,21,1935
32,21,1935
34,24,1970
35,24,1970
36,24,1970
38,24,1970
39,25,1911
41,26,1954
42,27,1987
43,29,1997
44,33,1972
45,37,1971
46,38,1986
48,40,1963
51,41,1962
52,43,1954
53,44,1962
54,44,1962
55,44,1962
56,47,2000
57,48,1984
58,49,1955
59,49,1955
60,49,1955
61,49,1955
63,51,1969
64,52,1958
65,53,1990
66,54,1944
67,57,1974
68,58,1988
69,60,1966
71,61,1978
72,61,1978
73,61,1978
74,62,1979
75,63,1973
77,64,1904
79,64,1904
80,64,1904
81,64,1904
82,64,1904
83,64,1904
86,64,1904
87,64,1904
88,64,1904
89,64,1904
90,64,1904
93,64,1904
94,64,1904
98,64,1904
99,64,1904
100,64,1904
101,64,1904
102,64,1904
103,64,1904
106,64,1904
108,64,1904
109,64,1904
110,64,1904
112,64,1904
113,64,1904
115,64,1904
116,64,1904
117,65,1951
120,66,1950
121,67,1963
122,67,1963
123,68,1968
124,68,1968
125,68,1968
126,70,1893
127,71,1892
129,71,1892
130,71,1892
131,72,1930
132,73,1938
133,74,1971
134,74,1971
135,75,1986
136,76,1984
137,77,1874
138,77,1874
140,78,1982
141,79,0
142,79,0
143,79,0
144,80,1992
145,80,1992
146,80,1992
147,81,1911
148,83,1905
149,84,1938
150,84,1938
151,84,1938
152,84,1938
153,84,1938
154,84,1938
155,84,1938
156,84,1938
157,84,1938
158,84,1938
159,84,1938
160,84,1938
161,84,1938
162,86,1958
163,88,1963
164,94,1984
165,95,1949
166,96,1962
167,99,1973
168,100,1969
169,100,1969
170,100,1969
171,101,1966
172,102,1974
173,103,1978
174,104,1976
175,106,1979
176,106,1979
177,107,1980
178,107,1980
179,108,1980
180,109,1972
181,109,1972
182,110,1968
183,111,1993
184,111,1993
185,113,1981
186,115,1990
187,116,1820
188,116,1820
189,117,1978
190,118,1962
191,119,1704
192,120,1982
193,122,0
194,123,1983
195,123,1983
196,123,1983
197,124,1990
198,124,1990
199,128,1963
200,129,1952
201,129,1952
202,129,1952
203,129,1952
204,129,1952
205,129,1952
206,130,1902
207,130,1902
208,130,1902
209,131,1967
210,134,1961
211,135,1930
212,135,1930
213,135,1930
214,135,1930
215,136,1972
216,138,1978
217,140,1962
218,141,1966
219,143,1977
220,144,1980
221,145,1968
222,145,1968
223,145,1968
224,146,1979
225,147,1987
226,149,1966
227,150,1958
228,151,1988
229,153,1982
230,156,1987
231,156,1987
233,156,1987
234,156,1987
235,156,1987
236,156,1987
237,157,1986
238,157,1986
239,158,1972
240,159,1932
241,159,1932
242,160,1819
243,160,1819
244,160,1819
245,160,1819
246,165,1984
247,166,1951
248,166,1951
249,166,1951
251,166,1951
252,167,1935
253,167,1935
254,168,1992
255,168,1992
256,169,1942
257,170,1972
258,170,1972
259,170,1972
260,170,1972
261,170,1972
262,170,1972
263,171,1971
264,172,1900
266,175,1981
267,176,1969
268,176,1969
269,176,1969
270,177,1998
271,178,1988
272,179,1993
273,180,1930
274,183,1964
275,184,1966
276,185,1957
277,187,1978
278,190,1940
279,191,1954
280,191,1954
281,191,1954
282,193,1970
283,193,1970
284,193,1970
285,193,1970
286,193,1970
287,195,1994
288,195,1994
289,195,1994
290,196,1987
291,197,1986
292,197,1986
293,198,1998
294,198,1998
295,200,1951
296,201,1937
297,203,1994
298,203,1994
300,203,1994
301,203,1994
303,204,1962
305,204,1962
306,204,1962
307,204,1962
308,204,1962
309,205,1992
310,205,1992
311,206,1985
312,206,1985
314,206,1985
315,206,1985
317,207,1981
318,208,1830
319,208,1830
320,208,1830
321,209,1933
323,210,1989
324,211,1965
325,213,1926
326,214,1995
327,214,1995
328,214,1995
329,214,1995
330,215,1984
331,216,1981
332,217,1958
333,218,1998
334,219,1965
335,221,1989
336,222,1972
337,222,1972
338,222,1972
339,222,1972
340,222,1972
341,223,1991
342,223,1991
344,224,1914
345,224,1914
346,225,1989
347,225,1989
349,225,1989
350,226,1896
351,227,1956
352,227,1956
353,227,1956
355,228,1954
357,229,1967
358,229,1967
359,231,1939
360,233,1942
361,233,1942
362,234,1976
363,235,1969
364,235,1969
365,235,1969
366,236,1971
367,239,1927
368,239,1927
369,239,1927
370,239,1927
371,240,1977
372,240,1977
374,240,1977
375,241,1950
376,241,1950
378,242,1953
379,242,1953
380,242,1953
381,242,1953
382,242,1953
383,242,1953
384,242,1953
385,242,1953
386,243,1987
387,243,1987
389,243,1987
390,245,1932
391,246,1971
392,247,1990
393,248,1979
394,248,1979
395,249,1992
396,250,1934
397,251,1980
398,253,1930
399,253,1930
400,253,1930
401,253,1930
402,253,1930
403,253,1930
404,254,1928
406,257,1967
407,257,1967
408,257,1967
409,257,1967
410,257,1967
411,257,1967
412,257,1967
413,257,1967
414,257,1967
415,257,1967
416,258,1961
417,258,1961
418,258,1961
419,259,1959
420,259,1959
421,259,1959
422,260,1956
423,261,1951
424,261,1951
425,262,1949
426,263,1940
427,265,1936
428,265,1936
429,265,1936
431,265,1936
432,265,1936
433,266,1930
434,267,1930
435,268,1914
436,268,1914
437,268,1914
439,269,1957
441,270,0
442,270,0
443,271,1929
444,271,1929
445,271,1929
446,271,1929
448,271,1929
449,272,1926
450,272,1926
451,272,1926
452,274,1916
453,274,1916
454,275,1926
455,276,0
457,276,0
458,277,1969
460,277,1969
461,278,1964
462,280,1951
463,280,1951
464,281,1957
465,282,1985
466,282,1985
467,282,1985
468,283,1953
469,284,1995
471,284,1995
473,285,1951
474,285,1951
475,285,1951
476,285,1951
477,285,1951
478,285,1951
479,286,1950
480,286,1950
481,287,1963
482,288,1944
483,289,1943
484,290,1960
485,290,1960
486,291,1990
487,292,1961
488,292,1961
489,292,1961
490,292,1961
491,292,1961
492,294,1991
493,295,1980
494,298,1931
495,298,1931
496,299,1934
497,299,1934
498,299,1934
499,300,1990
500,300,1990
501,301,1975
502,302,1982
503,303,1963
504,304,1962
505,305,1922
506,342,1975
507,344,1956
508,346,1987
509,348,1996
510,348,1996
511,348,1996
512,348,1996
513,352,1903
514,352,1903
515,831,1940
516,24,1970
518,6,1929
519,13,1959
520,13,1959
521,13,1959
522,13,1959
523,13,1959
524,14,1989
525,15,1924
526,15,1924
527,16,1961
528,17,1958
529,18,1971
530,19,1960
531,20,1923
532,20,1923
533,20,1923
534,20,1923
535,20,1923
536,20,1923
537,21,1935
538,21,1935
539,21,1935
540,22,1941
541,23,1941
542,24,1970
543,28,1966
544,28,1966
545,30,1970
546,31,1966
547,32,1970
548,32,1970
549,32,1970
550,32,1970
551,32,1970
552,34,1958
553,35,1914
554,36,1913
555,42,1956
556,46,1934
557,56,1975
558,58,1988
559,59,1975
560,83,1905
561,83,1905
562,83,1905
563,87,1966
564,87,1966
565,89,1982
566,90,1980
567,90,1980
568,93,1965
569,92,1991
570,92,1991
571,96,1962
572,98,1985
573,13,1959
574,112,1969
575,125,1975
576,126,1934
577,126,1934
578,127,1945
579,132,1953
580,133,2003
581,139,1958
582,142,1950
583,148,1968
584,160,1819
585,161,1991
590,162,1956
591,164,1910
592,163,1950
594,174,1975
595,177,1998
596,186,1947
597,186,1947
598,186,1947
599,186,1947
600,186,1947
601,185,1957
602,185,1957
603,185,1957
604,185,1957
606,185,1957
607,183,1964
608,182,1900
609,182,1900
610,182,1900
611,182,1900
612,181,1908
613,181,1908
614,181,1908
617,188,1978
618,188,1978
619,189,1970
620,190,1940
621,192,1978
622,193,1970
623,196,1987
624,196,1987
625,199,1990
627,204,1962
630,206,1985
631,210,1989
632,214,1995
633,220,1955
634,223,1991
635,224,1914
636,271,1929
637,193,1970
638,1,1951
639,782,1976
640,782,1976
641,783,1977
642,784,1981
643,781,1967
644,785,1987
645,785,1987
646,785,1987
647,785,1987
648,229,1967
649,230,1971
650,232,1971
651,233,1942
652,235,1969
653,235,1969
654,237,1993
655,237,1993
656,237,1993
657,238,1972
658,242,1953
659,248,1979
660,250,1934
661,250,1934
662,250,1934
663,251,1980
664,251,1980
665,251,1980
666,252,1969
667,253,1930
668,253,1930
669,254,1928
670,255,1916
672,257,1967
673,259,1959
674,264,1939
675,269,1957
676,270,0
677,270,0
679,292,1961
680,293,1973
681,293,1973
682,293,1973
683,295,1980
684,296,1979
685,296,1979
686,305,1922
687,306,1972
688,306,1972
689,307,1946
690,315,1973
691,315,1973
692,316,1962
693,316,1962
694,317,1978
695,309,1988
696,310,1979
697,311,1934
698,312,1979
699,313,1981
700,318,1980
701,319,1980
702,319,1980
703,319,1980
704,319,1980
705,320,1932
706,320,1932
707,320,1932
708,320,1932
709,321,1961
710,322,1957
711,322,1957
712,323,1954
713,324,1952
714,325,1946
715,326,1994
716,326,1994
717,327,2004
718,328,1954
719,329,1993
720,330,1991
721,331,1998
722,332,1997
723,332,1997
724,332,1997
725,332,1997
726,332,1997
727,332,1997
728,332,1997
729,332,1997
730,333,1989
731,333,1989
732,333,1989
733,333,1989
734,334,1804
735,335,1840
736,335,1840
737,335,1840
738,335,1840
739,336,1840
740,336,1840
741,337,1970
742,340,1953
743,341,1992
744,343,1935
745,345,1921
746,346,1987
747,348,1996
748,355,1973
749,356,1935
750,350,1894
751,350,1894
752,351,1906
753,353,1987
754,354,1928
755,354,1928
756,358,1923
757,357,1930
758,360,2000
759,363,1969
760,364,1916
761,365,1904
762,365,1904
763,365,1904
764,366,1998
765,367,1927
766,368,1994
767,368,1994
768,369,1983
769,369,1983
770,370,1994
772,371,1967
773,372,1910
774,373,1996
775,374,1933
776,375,1985
777,376,1999
786,377,1909
787,377,1909
788,377,1909
807,377,1909
810,377,1909
811,377,1909
817,377,1909
818,377,1909
819,378,1988
820,379,1991
821,380,1898
822,380,1898
823,381,1944
824,382,1951
825,383,1998
826,383,1998
828,94,1984
830,385,1977
831,386,1974
832,387,1966
833,388,1992
834,389,1912
835,390,1983
836,391,1922
837,392,2000
838,393,1989
839,394,1992
840,396,1990
841,397,1934
842,398,1951
843,399,1958
844,399,1958
845,400,1988
846,400,1988
847,401,1933
848,403,1984
849,404,1986
850,405,1970
851,406,1981
852,407,1968
853,410,1949
854,410,1949
855,410,1949
856,410,1949
857,410,1949
858,408,1977
859,410,1949
860,411,1954
861,412,1981
862,413,1977
863,414,1975
864,415,1982
865,416,1991
866,417,1970
867,418,1975
868,418,1975
869,419,1928
870,419,1928
871,420,1910
872,420,1910
873,420,1910
874,420,1910
875,420,1910
876,421,1951
877,421,1951
878,421,1951
879,421,1951
880,421,1951
881,422,1948
882,422,1948
883,422,1948
884,422,1948
885,422,1948
886,422,1948
887,422,1948
888,422,1948
889,423,1936
891,423,1936
892,426,1991
893,427,1940
894,427,1940
895,427,1940
896,427,1940
897,427,1940
898,427,1940
899,427,1940
900,427,1940
901,427,1940
902,427,1940
903,427,1940
904,428,1952
905,428,1952
906,429,1953
907,429,1953
908,429,1953
909,429,1953
910,429,1953
911,429,1953
912,431,1905
913,432,1977
914,432,1977
915,433,1967
916,434,1980
917,435,1964
918,437,1996
919,438,1991
920,439,1985
921,439,1985
922,439,1985
923,439,1985
924,440,1986
925,440,1986
926,441,1986
927,441,1986
928,442,1974
929,443,1996
930,444,1987
931,448,1942
932,447,1988
933,446,1989
934,445,1992
935,451,1964
936,451,1964
937,450,1941
938,450,1941
939,450,1941
940,450,1941
941,449,2003
942,449,2003
943,452,1959
944,452,1959
945,452,1959
946,452,1959
947,453,1928
948,453,1928
949,453,1928
950,454,1969
951,455,1934
952,455,1934
953,455,1934
954,456,1960
955,456,1960
956,456,1960
957,457,1950
958,457,1950
959,457,1950
960,457,1950
961,457,1950
962,457,1950
963,457,1950
964,457,1950
965,457,1950
966,457,1950
967,457,1950
968,457,1950
969,457,1950
970,457,1950
971,457,1950
972,457,1950
973,457,1950
974,457,1950
975,458,1939
976,458,1939
977,459,1974
978,459,1974
979,459,1974
980,462,1920
981,463,2009
982,465,1995
983,466,1916
984,467,1938
985,468,1917
986,469,1954
987,470,1961
988,471,1988
989,471,1988
990,471,1988
991,472,1933
992,472,1933
993,473,1924
994,473,1924
995,474,1966
996,474,1966
997,475,1924
998,475,1924
999,475,1924
1000,476,1926
1001,476,1926
1002,476,1926
1003,476,1926
1004,476,1926
1005,477,1986
1006,477,1986
1007,477,1986
1008,478,1940
1009,479,1953
1010,480,1910
1011,480,1910
1012,481,1960
1013,481,1960
1014,481,1960
1015,481,1960
1016,481,1960
1017,481,1960
1018,481,1960
1019,481,1960
1020,481,1960
1021,481,1960
1022,481,1960
1023,481,1960
1024,481,1960
1025,481,1960
1026,481,1960
1027,481,1960
1028,481,1960
1029,481,1960
1030,481,1960
1031,481,1960
1032,481,1960
1033,481,1960
1034,481,1960
1035,481,1960
1036,481,1960
1037,482,1961
1038,483,1950
1039,484,1982
1040,485,1989
1041,486,1977
1042,486,1977
1043,486,1977
1044,486,1977
1045,486,1977
1046,486,1977
1047,487,1957
1048,487,1957
1049,487,1957
1050,487,1957
1051,487,1957
1052,487,1957
1053,488,1951
1054,489,1953
1055,490,1964
1056,491,1933
1057,492,1927
1058,492,1927
1059,492,1927
1060,492,1927
1061,492,1927
1062,492,1927
1063,492,1927
1064,492,1927
1065,492,1927
1066,492,1927
1067,492,1927
1068,492,1927
1069,492,1927
1070,492,1927
1071,492,1927
1072,492,1927
1073,493,1927
1074,493,1927
1075,493,1927
1076,494,1921
1077,494,1921
1078,495,1993
1079,496,1921
1080,497,1964
1081,497,1964
1082,497,1964
1083,497,1964
1084,497,1964
1085,497,1964
1086,497,1964
1087,497,1964
1088,497,1964
1089,498,1987
1090,499,1949
1091,499,1949
1092,499,1949
1093,500,1924
1094,500,1924
1095,500,1924
1096,500,1924
1097,501,1969
1098,501,1969
1099,501,1969
1100,501,1969
1101,502,1944
1102,504,1937
1103,505,1964
1104,506,1993
1105,507,2000
1106,508,1956
1107,509,2006
1108,510,1928
1109,511,1931
1110,511,1931
1111,511,1931
1112,512,1991
1113,513,1953
1114,514,1927
1115,514,1927
1116,514,1927
1117,515,1963
1118,515,1963
1119,516,1981
1120,517,1974
1121,517,1974
1122,518,1960
1123,519,1999
1124,520,1956
1125,520,1956
1126,521,1956
1127,521,1956
1128,522,1924
1129,522,1924
1130,522,1924
1131,522,1924
1132,522,1924
1133,523,1937
1134,523,1937
1135,523,1937
1136,523,1937
1137,525,1961
1138,526,1973
1139,526,1973
1140,526,1973
1141,526,1973
1142,526,1973
1143,527,1961
1144,527,1961
1145,530,1946
1146,531,1947
1147,531,1947
1148,531,1947
1149,531,1947
1150,532,1921
1151,534,1973
1152,534,1973
1153,534,1973
1154,534,1973
1155,534,1973
1156,534,1973
1157,534,1973
1158,534,1973
1159,534,1973
1160,534,1973
1161,534,1973
1162,534,1973
1163,535,1856
1164,535,1856
1165,535,1856
1166,536,1933
1167,536,1933
1168,536,1933
1169,536,1933
1170,536,1933
1171,536,1933
1172,536,1933
1173,536,1933
1174,536,1933
1175,536,1933
1176,537,1956
1177,537,1956
1178,537,1956
1179,538,1960
1180,538,1960
1181,538,1960
1182,539,1963
1183,540,1943
1184,540,1943
1185,540,1943
1186,540,1943
1187,540,1943
1188,540,1943
1189,540,1943
1190,540,1943
1191,540,1943
1192,540,1943
1193,540,1943
1194,540,1943
1195,540,1943
1196,540,1943
1197,540,1943
1198,540,1943
1199,540,1943
1200,540,1943
1201,540,1943
1202,540,1943
1203,540,1943
1204,540,1943
1205,540,1943
1206,540,1943
1207,540,1943
1208,540,1943
1209,540,1943
1210,540,1943
1211,540,1943
1212,540,1943
1213,540,1943
1214,540,1943
1215,540,1943
1216,540,1943
1217,540,1943
1218,540,1943
1219,540,1943
1220,540,1943
1221,540,1943
1222,540,1943
1223,540,1943
1224,540,1943
1225,540,1943
1226,540,1943
1227,540,1943
1228,540,1943
1229,540,1943
1230,540,1943
1231,540,1943
1232,540,1943
1233,540,1943
1234,540,1943
1235,540,1943
1236,540,1943
1237,540,1943
1238,540,1943
1239,540,1943
1240,540,1943
1241,540,1943
1242,540,1943
1243,540,1943
1244,540,1943
1245,541,1947
1246,541,1947
1247,541,1947
1248,541,1947
1249,541,1947
1250,541,1947
1251,541,1947
1252,541,1947
1253,541,1947
1254,541,1947
1255,541,1947
1256,541,1947
1257,541,1947
1258,541,1947
1259,541,1947
1260,542,1960
1261,542,1960
1262,542,1960
1263,542,1960
1264,542,1960
1265,542,1960
1266,543,1972
1267,543,1972
1268,544,1975
1269,544,1975
1270,545,1991
1271,546,1982
1272,546,1982
1273,547,1990
1274,547,1990
1275,547,1990
1276,547,1990
1277,547,1990
1278,547,1990
1279,548,1963
1280,548,1963
1281,549,1906
1282,549,1906
1283,549,1906
1284,550,1986
1285,550,1986
1286,551,1863
1287,552,1978
1288,553,1911
1289,554,1949
1290,554,1949
1291,555,1936
1292,556,1938
1293,556,1938
1294,556,1938
1295,556,1938
1296,556,1938
1297,556,1938
1298,557,1960
1299,558,1975
1300,558,1975
1301,559,1977
1302,560,1964
1303,561,1952
1304,561,1952
1305,562,1952
1306,563,1960
1307,563,1960
1308,564,1985
1309,566,1922
1310,567,2008
1311,567,2008
1312,567,2008
1313,569,1950
1314,570,2008
1315,570,2008
1316,570,2008
1317,571,1988
1318,571,1988
1319,572,1985
1320,574,2004
1321,574,2004
1322,575,1979
1323,576,1865
1324,576,1865
1325,576,1865
1326,576,1865
1327,576,1865
1328,576,1865
1329,576,1865
1330,576,1865
1331,576,1865
1332,576,1865
1333,576,1865
1334,576,1865
1335,576,1865
1336,576,1865
1337,576,1865
1338,576,1865
1339,576,1865
1340,577,1865
1341,577,1865
1342,577,1865
1343,577,1865
1344,578,1950
1345,579,1907
1346,579,1907
1347,579,1907
1348,579,1907
1349,579,1907
1350,579,1907
1351,580,1964
1352,580,1964
1353,580,1964
1354,581,1990
1355,581,1990
1356,581,1990
1357,581,1990
1358,581,1990
1359,581,1990
1360,581,1990
1361,581,1990
1362,581,1990
1363,581,1990
1364,581,1990
1365,581,1990
1366,581,1990
1367,581,1990
1368,582,1881
1369,583,1989
1370,583,1989
1371,583,1989
1372,584,1992
1373,584,1992
1374,584,1992
1375,584,1992
1376,584,1992
1377,585,1878
1378,586,1982
1379,586,1982
1380,587,1949
1381,587,1949
1382,587,1949
1383,587,1949
1384,587,1949
1385,588,1942
1386,588,1942
1387,588,1942
1388,588,1942
1389,589,1910
1390,590,1885
1391,591,1902
1392,591,1902
1393,591,1902
1394,591,1902
1395,591,1902
1396,591,1902
1397,592,1943
1398,592,1943
1399,593,1891
1400,593,1891
1401,593,1891
1402,595,1988
1403,595,1988
1404,596,1940
1405,596,1940
1406,596,1940
1407,596,1940
1408,597,1966
1409,597,1966
1410,597,1966
1411,597,1966
1412,598,1897
1413,598,1897
1414,598,1897
1415,598,1897
1416,599,1967
1417,599,1967
1418,599,1967
1419,599,1967
1420,599,1967
1421,599,1967
1422,599,1967
1423,599,1967
1424,599,1967
1425,600,1926
1426,601,1928
1427,602,1954
1428,602,1954
1429,116,1820
1430,116,1820
1431,116,1820
1432,603,1964
1433,604,1968
1434,605,1982
1435,606,1985
1436,607,2003
1437,608,1960
1438,609,1937
1439,609,1937
1440,609,1937
1441,610,2001
1442,611,1977
1443,611,1977
1444,611,1977
1445,611,1977
1446,612,1966
1447,612,1966
1448,614,1956
1449,615,1972
1450,616,1988
1451,618,1932
1452,618,1932
1453,618,1932
1454,618,1932
1455,618,1932
1456,619,1946
1457,619,1946
1458,621,1936
1459,621,1936
1460,621,1936
1461,622,1977
1462,583,1989
1463,583,1989
1464,623,1986
1465,624,1946
1466,625,1972
1467,626,1995
1468,627,1981
1469,627,1981
1470,628,1928
1471,629,1978
1472,629,1978
1473,630,1965
1474,630,1965
1475,630,1965
1476,630,1965
1477,630,1965
1478,631,2008
1479,631,2008
1480,631,2008
1481,632,1941
1482,633,1933
1483,634,1949
1484,635,1960
1485,636,2009
1486,637,1983
1487,638,1983
1488,638,1983
1489,639,1985
1490,640,1987
1491,641,1990
1492,642,1961
1493,642,1961
1494,642,1961
1495,643,1950
1496,643,1950
1497,643,1950
1498,643,1950
1499,643,1950
1500,643,1950
1501,643,1950
1502,643,1950
1503,644,1953
1504,645,1963
1505,645,1963
1506,646,1950
1507,647,1924
1508,647,1924
1509,647,1924
1510,647,1924
1511,647,1924
1512,648,1924
1513,648,1924
1514,649,1952
1515,651,1923
1516,651,1923
1517,652,1939
1518,652,1939
1519,652,1939
1520,652,1939
1521,653,1963
1522,654,1934
1523,654,1934
1524,656,1990
1525,656,1990
1526,656,1990
1527,656,1990
1528,656,1990
1529,656,1990
1530,656,1990
1531,656,1990
1532,656,1990
1533,656,1990
1534,656,1990
1535,656,1990
1536,656,1990
1537,656,1990
1538,656,1990
1539,659,1985
1540,660,1987
1541,661,1948
1542,662,1952
1543,662,1952
1544,662,1952
1545,662,1952
1546,662,1952
1547,306,1972
1548,306,1972
1549,663,1946
1550,663,1946
1551,663,1946
1552,664,1964
1553,665,1961
1554,666,1957
1555,666,1957
1556,666,1957
1557,666,1957
1558,666,1957
1559,666,1957
1560,666,1957
1561,666,1957
1562,666,1957
1563,666,1957
1564,666,1957
1565,666,1957
1566,666,1957
1567,668,1951
1568,668,1951
1569,668,1951
1570,668,1951
1571,669,1945
1572,669,1945
1573,669,1945
1574,670,1990
1575,670,1990
1576,670,1990
1577,670,1990
1578,671,1046
1579,671,1046
1580,671,1046
1581,671,1046
1582,672,1948
1583,673,1948
1584,674,1957
1585,674,1957
1586,674,1957
1587,675,1948
1588,675,1948
1589,675,1948
1590,675,1948
1591,675,1948
1592,675,1948
1593,675,1948
1594,675,1948
1595,675,1948
1596,675,1948
1597,675,1948
1598,675,1948
1599,675,1948
1600,675,1948
1601,675,1948
1602,675,1948
1603,675,1948
1604,675,1948
1605,675,1948
1606,675,1948
1607,676,1947
1608,676,1947
1609,676,1947
1610,676,1947
1611,676,1947
1612,676,1947
1613,676,1947
1614,676,1947
1615,676,1947
1616,676,1947
1617,676,1947
1618,677,1968
1619,677,1968
1620,677,1968
1621,677,1968
1622,307,1946
1623,678,1891
1624,679,1840
1625,680,1804
1626,679,1840
1627,679,1840
1628,679,1840
1629,679,1840
1630,681,1970
1631,681,1970
1632,682,1944
1633,682,1944
1634,684,1967
1635,685,1982
1636,686,1967
1637,686,1967
1638,686,1967
1639,686,1967
1640,686,1967
1641,688,1983
1642,689,1938
1643,691,1963
1644,692,1963
1645,692,1963
1646,693,1964
1647,694,1970
1648,695,1961
1649,696,1954
1650,556,1938
1651,698,1935
1652,698,1935
1653,699,1989
1654,700,1912
1655,701,1983
1656,702,1935
1657,702,1935
1658,702,1935
1659,702,1935
1660,702,1935
1661,702,1935
1662,702,1935
1663,703,1898
1664,703,1898
1665,704,1972
1666,704,1972
1667,706,1926
1668,707,1944
1669,708,1952
1670,709,1930
1671,709,1930
1672,710,1955
1673,710,1955
1674,710,1955
1675,711,1958
1676,711,1958
1677,711,1958
1678,711,1958
1679,711,1958
1680,712,1954
1681,713,1955
1682,713,1955
1683,714,1815
1684,714,1815
1685,714,1815
1686,714,1815
1687,715,1810
1688,715,1810
1689,717,1933
1690,717,1933
1691,717,1933
1692,718,1975
1693,718,1975
1694,719,1920
1695,719,1920
1696,719,1920
1697,719,1920
1698,719,1920
1699,719,1920
1700,719,1920
1701,719,1920
1702,719,1920
1703,719,1920
1704,719,1920
1705,720,1917
1706,721,1939
1707,722,1941
1708,723,1953
1709,723,1953
1710,723,1953
1711,723,1953
1712,724,1935
1713,725,1920
1714,725,1920
1715,726,1896
1716,726,1896
1717,726,1896
1718,726,1896
1719,727,1967
1720,728,1920
1721,729,1921
1722,730,1953
1723,731,1906
1724,731,1906
1725,733,1949
1726,734,1991
1727,735,1977
1728,735,1977
1729,736,1936
1730,737,1967
1731,737,1967
1732,739,1958
1733,740,1915
1734,740,1915
1735,741,1909
1736,742,1946
1737,743,1975
1738,744,1894
1739,745,1943
1740,746,1952
1741,746,1952
1742,747,1915
1743,749,1953
1744,749,1953
1745,750,1929
1746,751,1903
1747,752,1939
1748,753,1914
1749,754,1903
1750,754,1903
1751,755,1969
1752,756,1972
1753,757,1961
1754,757,1961
1755,757,1961
1756,757,1961
1757,758,1956
1758,759,1971
1759,760,1978
1760,760,1978
1761,760,1978
1762,760,1978
1763,761,1933
1764,762,1990
1765,762,1990
1766,763,1975
1767,764,1975
1768,764,1975
1769,764,1975
1770,764,1975
1771,765,1977
1772,766,1985
1773,767,1925
1774,767,1925
1775,767,1925
1776,767,1925
1777,767,1925
1778,768,1956
1779,769,1951
1780,770,1968
1781,770,1968
1782,771,1956
1783,775,1933
1784,776,1924
1785,776,1924
1786,777,1894
1787,778,1939
1788,49,1955
1789,781,1967
1790,786,1936
1791,788,1933
1792,789,1899
1793,790,1882
1794,791,1963
1795,792,1962
1796,793,1932
1797,794,1982
1798,795,1899
1799,796,1965
1800,797,1957
1801,797,1957
1802,797,1957
1803,797,1957
1804,797,1957
1805,797,1957
1806,798,1965
1807,800,1929
1808,801,1939
1809,801,1939
1810,803,1944
1811,804,1957
1812,804,1957
1813,805,1983
1814,805,1983
1815,806,1988
1816,807,1897
1817,808,1971
1818,808,1971
1819,809,1937
1820,809,1937
1821,809,1937
1822,809,1937
1823,809,1937
1824,809,1937
1825,810,1942
1826,811,1962
1827,812,1963
1828,812,1963
1829,812,1963
1830,812,1963
1831,812,1963
1832,812,1963
1833,812,1963
1834,813,1938
1835,814,1945
1836,814,1945
1837,815,1921
1838,816,1941
1839,816,1941
1840,817,1918
1841,818,1948
1842,818,1948
1843,818,1948
1844,820,1949
1845,821,1941
1846,822,1949
1847,822,1949
1848,823,1978
1849,791,1963
1850,830,1999
1851,829,1992
1852,827,1909
1853,826,1894
1854,825,1933
1855,824,1870
1856,212,1940
1857,184,1966
1858,235,1969
1859,235,1969
1860,235,1969
1861,235,1969
1862,244,1984
1863,244,1984
1864,244,1984
1867,14,1989
1868,54,1944
1869,64,1904
1870,64,1904
1871,71,1892
1872,82,1897
1873,105,1972
1874,120,1982
1875,120,1982
1876,120,1982
1877,120,1982
1878,120,1982
1879,120,1982
1880,120,1982
1881,120,1982
1882,120,1982
1883,120,1982
1884,120,1982
1885,120,1982
1886,120,1982
1887,120,1982
1888,120,1982
1889,120,1982
1890,120,1982
1891,120,1982
1892,120,1982
1893,385,1977
1894,203,1994
1895,203,1994
1896,377,1909
1897,204,1962
1899,208,1830
1900,226,1896
1901,229,1967
1902,242,1953
1903,242,1953
1904,257,1967
1905,304,1962
1906,285,1951
1908,202,1991
1909,202,1991